7
8
14
15
16
20
30
31
32
43
50
75
105
114
120
121
122
141
171
172
198
201
202
203
242
243
248
324
338
386
387
388
397
398
404
407
418
426
428
441
453
458
464
485
495
505
518
525
535
543
545
546
547
551
567
583
699
703
706
729
730
731
732
733
734
738
762
763
764
765
766
767
768
769
770
782
784
785
789
790
793
796
801
805
808
811
818
821
824
826
839
842
843
851
858
880
901
913
920
923
925
937
941
942
953
971
991
996
997
998
999
1020
1097
1100
1104
1114
1118
1155
1159
1160
1161
1162
1172
1181
1182
1184
1185
1186
1188
1193
1217
1221
1224
1230
1235
1248
1258
1266
1272
1298
1300
1311
1314
1421
1430
1434
1436
1440
1442
1481
1484
1495
1496
1497
1520
1526
1557
1592
1633
1715
1716
1731
1739
1740
1741
1744
1772
1833
1835
1839
1840
1853
1857
1873
1874
1875
1877
1878
1884
1893
1964
1985
2011
2012
2013
2014
2015
2016
2036
2038
2076
2080
2086
2087
2095
2096
2097
2098
2100
2103
2104
2105
2106
2107
2108
2109
2137
2138
2139
2158
2169
2170
2171
2188
2209
2221
2258
2418
2443
2465
2471
2476
2484
2493
2494
2529
2565
2586
2589
2593
2596
2597
2599
2653
2797
2799
2818
2819
2839
2845
2852
2856
2871
2927
2934
2937
2938
2970
2971
3039
3057
3059
3060
3061
3066
3071
3076
3079
3080
3081
3085
3119
3130
3140
3171
3183
3186
3191
3204
3207
3218
3226
3233
3254
3279
3291
3294
3295
3296
3301
3302
3315
3316
3318
3323
3325
3332
3336
3339
3341
3344
3345
3346
3359
3371
3372
3373
3374
3375
3376
3377
3378
3379
3381
3383
3384
3389
3391
3424
3426
3427
3428
3429
3430
3433
3443
3454
3465
3482
3498
3514
3534
3589
3591
3683
3686
3692
3716
3722
3733
3782
3785
3786
3787
3788
3797
3798
3809
3816
3824
3828
3830
3832
3833
3834
3843
3852
3895
3918
3921
3922
3924
3928
3942
3966
3968
3975
3976
4026
4028
4033
4034
4035
4053
4055
4069
4078
4086
4123
4136
4140
4141
4163
4165
4167
4174
4177
4178
4197
4198
4199
4275
4278
4286
4322
4329
4334
4343
4360
4368
4397
4399
4403
4418
4438
4463
4465
4508
4511
4575
4601
4603
4665
4666
4671
4687
4689
4691
4692
4693
4694
4697
4699
4704
4705
4707
4716
4718
4720
4734
4760
4765
4774
4775
4778
4786
4788
4789
4790
4792
4793
4794
4795
4867
4871
4914
4920
4925
4926
4928
4942
4943
4949
4983
4987
5002
5005
5006
5011
5012
5013
5014
5015
5017
5018
5024
5029
5030
5033
5034
5037
5038
5060
5061
5065
5096
5100
5101
5102
5103
5115
5120
5132
5152
5155
5156
5157
5195
5211
5213
5219
5220
5221
5231
5352
5430
5432
5433
5434
5436
5449
5454
5456
5457
5459
5460
5463
5467
5473
5478
5481
5520
5574
5576
5585
5587
5588
5589
5590
5591
5596
5597
5628
5642
5694
5714
5720
5739
5783
5790
5862
5864
5865
5867
5868
5874
5877
5878
5885
5888
5898
5902
5937
5938
5939
5945
5958
5961
5966
5970
5972
5980
5992
6026
6035
6060
6065
6068
6072
6074
6088
6089
6092
6124
6126
6133
6155
6165
6188
6248
6260
6273
6307
6308
6325
6371
6376
6403
6425
6444
6446
6449
6457
6460
6467
6473
6498
6506
6516
6553
6554
6557
6559
6572
6607
6612
6634
6643
6654
6669
6672
6679
6828
6842
6846
6868
6899
6900
6920
6931
6933
6935
6936
6938
6951
6959
6985
6991
6992
7012
7016
7018
7048
7049
7066
7114
7115
7131
7149
7189
7206
7227
7262
7269
7281
7316
7320
7323
7331
7361
7505
7529
7533
7542
7549
7573
7618
7641
7648
7670
7671
7707
7713
7717
7739
7823
7837
7850
7864
7876
7900
7901
7905
7907
7908
7914
7918
8021
8026
8044
8062
8100
8103
8108
8125
8146
8147
8163
8173
8174
8175
8176
8191
8194
8195
8199
8228
8235
8269
8271
8290
8296
8311
8328
8337
8342
8343
8403
8425
8468
8469
8472
8493
8559
8628
8630
8640
8683
8760
8762
8764
8778
8782
8783
8805
8816
8836
8855
8856
8860
8864
8865
8873
8902
8920
8921
8922
8923
8924
8957
8983
8990
8995
8998
9001
9025
9043
9045
9056
9071
9076
9078
9080
9086
9103
9104
9132
9133
9134
9140
9141
9142
9143
9144
9146
9147
9148
9149
9150
9171
9206
9207
9208
9209
9210
9211
9212
9213
9214
9218
9219
9222
9232
9234
9235
9236
9333
9335
9337
9343
9346
9348
9355
9357